distance = 100/1000;
time = 9.58/(60*60);
hundred = distance/time;
marathon = 42.195 / ( 2 + 1/60 + 39/(60*60));
