A = [1:5; 6:10; 11:15; 16:20]; 
X = [1 1 1 1];
Z = [1;1;1;1;1];
result = X * A * Z;